0 100
0.02 128
0.04 194
0.06 295
0.08 410
0.1 567
0.12 678
0.14 831
0.16 950
0.18 837
0.2 567
0.22 291
0.24 138
0.26 55
0.28 32
0.3 21
0.32 22
0.34 22
0.36 20
0.38 19
0.4 14
0.42 14
0.44 21
0.46 20
0.48 24
0.5 25
0.52 26
0.54 30
0.56 36
0.58 50
0.6 67
0.62 79
0.64 108
0.66 149
0.68 182
0.7 258
0.72 325
0.74 439
0.76 558
0.78 661
0.8 792
0.82 939
0.84 1012
0.86 916
0.88 656
0.9 351
0.92 115
0.94 49
0.96 27
0.98 8
1 8
1.02 7
1.04 3
1.06 3
1.08 3
1.1 2
1.12 2
1.14 3
1.16 3
1.18 5
1.2 4
1.22 5
1.24 9
1.26 13
1.28 17
1.3 24
1.32 19
1.34 24
1.36 27
1.38 35
1.4 61
1.42 76
1.44 133
1.46 184
1.48 227
1.5 312
1.52 413
1.54 550
1.56 693
1.58 922
1.6 1161
1.62 1163
1.64 1073
1.66 920
1.68 711
1.7 427
1.72 188
1.74 66
1.76 38
1.78 30
1.8 24
1.82 17
1.84 19
1.86 15
1.88 13
1.9 18
1.92 16
1.94 19
1.96 19
1.98 24
2 30
2.02 49
2.04 44
2.06 56
2.08 57
2.1 73
2.12 87
2.14 112
2.16 132
2.18 163
2.2 208
2.22 261
2.24 334
2.26 400
2.28 531
2.3 689
2.32 853
2.34 1084
2.36 1225
2.38 1170
2.4 907
2.42 613
2.44 341
2.46 164
2.48 74
2.5 45
2.52 23
2.54 14
2.56 8
2.58 11
2.6 5
2.62 4
2.64 8
2.66 16
2.68 20
2.7 32
2.72 38
2.74 43
2.76 48
2.78 50
2.8 53
2.82 63
2.84 75
2.86 103
2.88 112
2.9 140
2.92 177
2.94 213
2.96 272
2.98 331
3 414
3.02 517
3.04 668
3.06 885
3.08 1128
3.1 1322
3.12 1278
3.14 859
3.16 452
3.18 166
3.2 72
3.22 21
3.24 10
3.26 3
3.28 4
3.3 5
3.32 1
3.34 1
3.36 0
3.38 0
3.4 0
3.42 0
3.44 0
3.46 0
3.48 0
3.5 0
3.52 0
3.54 0
3.56 0
3.58 0
3.6 0
3.62 0
3.64 0
3.66 0
3.68 0
3.7 0
3.72 0
3.74 0
3.76 0
3.78 0
3.8 0
3.82 0
3.84 0
3.86 0
3.88 0
3.9 0
3.92 0
3.94 0
3.96 0
3.98 0
4 0
4.02 0
4.04 0
4.06 0
4.08 0
4.1 0
4.12 0
4.14 0
4.16 0
4.18 0
4.2 0
4.22 0
4.24 0
4.26 0
4.28 0
