0 100
0.02 91
0.04 87
0.06 92
0.08 101
0.1 125
0.12 200
0.14 302
0.16 536
0.18 897
0.2 1334
0.22 1527
0.24 1510
0.26 1330
0.28 1128
0.3 940
0.32 788
0.34 646
0.36 542
0.38 460
0.4 379
0.42 325
0.44 269
0.46 228
0.48 187
0.5 149
0.52 119
0.54 96
0.56 81
0.58 62
0.6 53
0.62 43
0.64 41
0.66 34
0.68 33
0.7 37
0.72 42
0.74 50
0.76 73
0.78 120
0.8 201
0.82 346
0.84 573
0.86 933
0.88 1292
0.9 1576
0.92 1601
0.94 1400
0.96 1211
0.98 1003
1 824
1.02 661
1.04 554
1.06 453
1.08 374
1.1 306
1.12 253
1.14 211
1.16 170
1.18 143
1.2 115
1.22 100
1.24 77
1.26 63
1.28 54
1.3 47
1.32 42
1.34 37
1.36 32
1.38 28
1.4 24
1.42 21
1.44 18
1.46 18
1.48 15
1.5 19
1.52 23
1.54 25
1.56 46
1.58 72
1.6 148
1.62 465
1.64 832
1.66 1145
1.68 1371
1.7 1608
1.72 1665
1.74 1515
1.76 1275
1.78 1059
1.8 881
1.82 732
1.84 597
1.86 505
1.88 418
1.9 348
1.92 280
1.94 230
1.96 187
1.98 154
2 125
2.02 103
2.04 87
2.06 77
2.08 68
2.1 62
2.12 53
2.14 49
2.16 41
2.18 43
2.2 42
2.22 42
2.24 45
2.26 61
2.28 78
2.3 92
2.32 132
2.34 202
2.36 436
2.38 816
2.4 1285
2.42 1630
2.44 1749
2.46 1715
2.48 1525
2.5 1328
2.52 1157
2.54 959
2.56 814
2.58 656
2.6 534
2.62 431
2.64 351
2.66 289
2.68 246
2.7 213
2.72 168
2.74 133
2.76 111
2.78 104
2.8 83
2.82 68
2.84 62
2.86 48
2.88 43
2.9 38
2.92 37
2.94 39
2.96 37
2.98 42
3 49
3.02 72
3.04 87
3.06 130
3.08 194
3.1 368
3.12 742
3.14 1334
3.16 1714
3.18 1781
3.2 1593
3.22 1365
3.24 1104
3.26 907
3.28 745
3.3 621
3.32 527
3.34 435
3.36 355
3.38 290
3.4 243
3.42 198
3.44 167
3.46 137
3.48 113
3.5 92
3.52 81
3.54 70
3.56 57
3.58 40
3.6 34
3.62 31
3.64 27
3.66 24
3.68 18
3.7 15
3.72 13
3.74 10
3.76 7
3.78 6
3.8 5
3.82 4
3.84 3
3.86 2
3.88 2
3.9 2
3.92 2
3.94 2
3.96 1
3.98 1
4 0
4.02 0
4.04 0
4.06 0
4.08 0
4.1 0
4.12 0
4.14 0
4.16 0
4.18 0
4.2 0
4.22 0
4.24 0
4.26 0
4.28 0
