0 100
0.02 119
0.04 140
0.06 153
0.08 180
0.1 179
0.12 122
0.14 114
0.16 81
0.18 52
0.2 45
0.22 59
0.24 69
0.26 80
0.28 92
0.3 119
0.32 152
0.34 206
0.36 251
0.38 307
0.4 342
0.42 363
0.44 392
0.46 450
0.48 486
0.5 508
0.52 546
0.54 570
0.56 593
0.58 599
0.6 567
0.62 565
0.64 549
0.66 540
0.68 519
0.7 497
0.72 473
0.74 424
0.76 345
0.78 287
0.8 217
0.82 156
0.84 119
0.86 84
0.88 70
0.9 87
0.92 103
0.94 140
0.96 181
0.98 206
1 256
1.02 297
1.04 339
1.06 371
1.08 420
1.1 485
1.12 515
1.14 546
1.16 582
1.18 577
1.2 586
1.22 576
1.24 580
1.26 581
1.28 579
1.3 580
1.32 563
1.34 561
1.36 586
1.38 593
1.4 614
1.42 612
1.44 585
1.46 585
1.48 561
1.5 516
1.52 451
1.54 393
1.56 335
1.58 296
1.6 238
1.62 170
1.64 127
1.66 86
1.68 62
1.7 65
1.72 67
1.74 75
1.76 98
1.78 127
1.8 150
1.82 158
1.84 194
1.86 249
1.88 283
1.9 328
1.92 375
1.94 407
1.96 437
1.98 451
2 488
2.02 509
2.04 532
2.06 543
2.08 548
2.1 555
2.12 567
2.14 574
2.16 542
2.18 518
2.2 512
2.22 506
2.24 448
2.26 377
2.28 344
2.3 288
2.32 220
2.34 138
2.36 90
2.38 63
2.4 45
2.42 54
2.44 54
2.46 61
2.48 75
2.5 96
2.52 130
2.54 158
2.56 209
2.58 243
2.6 282
2.62 312
2.64 329
2.66 380
2.68 434
2.7 467
2.72 497
2.74 511
2.76 555
2.78 591
2.8 607
2.82 602
2.84 630
2.86 586
2.88 574
2.9 572
2.92 557
2.94 521
2.96 500
2.98 443
3 412
3.02 364
3.04 286
3.06 232
3.08 194
3.1 150
3.12 86
3.14 49
3.16 45
3.18 58
3.2 70
3.22 84
3.24 96
3.26 126
3.28 167
3.3 187
3.32 214
3.34 262
3.36 308
3.38 367
3.4 417
3.42 464
3.44 507
3.46 541
3.48 577
3.5 598
3.52 595
3.54 605
3.56 612
3.58 610
3.6 609
3.62 612
3.64 637
3.66 623
3.68 635
3.7 662
3.72 658
3.74 674
3.76 663
3.78 660
3.8 673
3.82 697
3.84 682
3.86 702
3.88 680
3.9 680
3.92 678
3.94 633
3.96 628
3.98 635
4 647
4.02 648
4.04 649
4.06 643
4.08 647
4.1 626
4.12 667
4.14 689
4.16 714
4.18 675
4.2 671
4.22 696
4.24 665
4.26 672
4.28 652
